Mic1Mic2	0.0	30.134253955319984
x data l	3.9840637450199203	29.02307108819809
y data l	7.968127490039841	10.926123340771166
x axis l	11.952191235059761	5.280362685217323
y axis l	15.936254980079681	2.361514045806568
	19.9203187250996	8.65688008134899
	23.904382470119522	14.448648375235514
	27.888446215139442	14.120906869146872
	31.872509960159363	11.046001330603037
	35.85657370517929	5.667993810843528
	39.8406374501992	3.1579297946342844
	43.82470119521912	2.713993043649901
	47.808764940239044	2.190843919530069
	51.79282868525897	1.3342139117628162
	55.776892430278885	1.0662319501467075
	59.7609561752988	1.3182556361307298
	63.745019920318725	0.48612247228883176
	67.72908366533865	0.569174072507313
	71.71314741035857	0.9198357331494532
	75.69721115537848	1.0873467331424886
	79.6812749003984	1.3449329774952512
	83.66533864541833	1.1179840201155642
	87.64940239043824	1.8374389570124543
	91.63346613545816	6.198596610647328
	95.61752988047809	23.48234812567445
	99.60159362549801	36.262865883756234
	103.58565737051794	39.377225713196594
	107.56972111553785	39.573132468027445
	111.55378486055777	39.49711638494197
	115.5378486055777	39.73963477144625
	119.5219123505976	40.33278274242317
	123.50597609561753	42.01590517381156
	127.49003984063745	42.902837236228905
	131.47410358565736	44.60343527439102
	135.4581673306773	45.777105615892665
	139.4422310756972	46.596297419241566
	143.42629482071715	47.92706534625448
	147.41035856573706	46.934926121608704
	151.39442231075697	47.201907970010026
	155.3784860557769	44.62096699505725
	159.3625498007968	47.00102629027281
	163.34661354581672	46.60221666802376
	167.33067729083666	43.51092903096597
	171.31474103585657	42.20000991117787
	175.29880478087648	40.69274594028848
	179.28286852589642	41.98617550364262
	183.26693227091633	44.30541547312515
	187.25099601593627	46.445725547547205
	191.23505976095618	46.8297825496161
	195.21912350597609	49.688745035190614
	199.20318725099602	52.730863528594966
	203.18725099601593	54.52072528716919
	207.17131474103587	52.98388665012467
	211.15537848605578	51.60996946406981
	215.1394422310757	50.87074522347094
	219.12350597609563	49.53681225874277
	223.10756972111554	48.84963607679066
	227.09163346613545	49.30752723709459
	231.0756972111554	50.89986918486501
	235.0597609561753	52.86316926303315
	239.0438247011952	54.77815705722362
	243.02788844621514	56.37665705271133
	247.01195219123505	56.02676873388235
	250.996015936255	55.57755245460271
	254.9800796812749	56.99990024465268
	258.9641434262948	56.74195986179427
	262.9482071713147	56.528590188271494
	266.9322709163347	59.40643177780488
	270.9163346613546	58.857198025130785
	274.9003984063745	59.628296735407524
	278.8844621513944	60.40495187709749
	282.8685258964143	59.72468355409088
	286.8525896414343	58.484366513548
	290.8366533864542	58.60157022683704
	294.8207171314741	59.229937518716405
	298.804780876494	59.706535173239516
	302.78884462151393	59.06682814423978
	306.77290836653384	58.88815089731777
	310.7569721115538	58.089923800570304
	314.7410358565737	57.39071398089115
	318.7250996015936	56.983770108531225
	322.70916334661354	57.28691592204853
	326.69322709163345	57.911471166204585
	330.6772908366534	58.29837962708061
	334.6613545816733	58.88863217877544
	338.64541832669323	59.672899203025544
	342.62948207171314	60.97288226125649
	346.61354581673305	59.432157936244316
	350.59760956175296	58.826534190416595
	354.5816733067729	59.21795528751445
	358.56573705179284	58.42588907288028
	362.54980079681275	57.79830160612241
	366.53386454183266	58.093880392301074
	370.51792828685257	60.29132596114842
	374.50199203187253	60.96953155774103
	378.48605577689244	61.16173758450855
	382.47011952191235	60.92661887256525
	386.45418326693226	60.01077839385473
	390.43824701195217	59.99719664298691
	394.42231075697214	61.5253660299527
	398.40637450199205	61.24185271852704
	402.39043824701196	59.095599628936874
	406.37450199203187	58.929828723961705
	410.3585657370518	58.46338274845337
	414.34262948207174	58.10077278063979
	418.32669322709165	58.15319479889127
	422.31075697211156	57.815299456684855
	426.2948207171315	58.79438973413598
	430.2788844621514	58.51817469480805
	434.2629482071713	59.09112016597069
	438.24701195219126	59.85732482476389
	442.23107569721117	60.92054935323867
	446.2151394422311	60.936490381294554
	450.199203187251	61.61875670619571
	454.1832669322709	62.32068947977563
	458.16733067729086	61.272077461927935
	462.1513944223108	61.17974107983554
	466.1354581673307	60.3416885283146
	470.1195219123506	60.94287409577809
	474.1035856573705	60.98262915198917
	478.0876494023904	60.67478097719214
	482.0717131474104	60.44247797349393
	486.0557768924303	60.133591328110356
	490.0398406374502	59.79580540371862
	494.0239043824701	60.26808873813867
	498.00796812749	60.748758752059814
	501.99203187251	60.271041787028324
	505.9760956175299	60.12545322384079
	509.9601593625498	62.161116890816075
	513.9442231075698	61.20373250329667
	517.9282868525896	60.93762814018299
	521.9123505976096	59.885517224000694
	525.8964143426294	58.994430085180866
	529.8804780876494	59.32682002012385
	533.8645418326694	60.717707750651286
	537.8486055776892	60.508284845529005
	541.8326693227092	60.378610399778374
	545.816733067729	60.36340630287469
	549.800796812749	59.674367209804956
	553.784860557769	59.681108821591735
	557.7689243027888	58.51600770336706
	561.7529880478088	58.305079612852595
	565.7370517928287	58.40892667745113
	569.7211155378486	58.46026065003923
	573.7051792828686	59.14930982196193
	577.6892430278884	58.33409803080013
	581.6733067729084	57.51773014888058
	585.6573705179283	58.445318575696994
	589.6414342629482	60.18437071583299
	593.6254980079681	60.983320322749606
	597.609561752988	60.72986397822976
	601.593625498008	62.09290982298806
	605.5776892430279	60.751445416746044
	609.5617529880478	58.90942400414322
	613.5458167330677	58.85731150555457
	617.5298804780876	59.1773352246965
	621.5139442231076	60.230826509609315
	625.4980079681275	61.428244789361806
	629.4820717131474	60.09620976132951
	633.4661354581673	59.75847608876755
	637.4501992031873	60.072403999146985
	641.4342629482072	59.73805775352695
	645.4183266932271	60.50821685278074
	649.402390438247	60.890137123593526
	653.3864541832669	60.253901873528164
	657.3705179282869	59.76575661794218
	661.3545816733068	59.11490896253131
	665.3386454183267	60.351500001442204
	669.3227091633466	60.841924523663906
	673.3067729083665	60.45815749665404
	677.2908366533865	60.33947453076508
	681.2749003984064	60.00210837084942
	685.2589641434263	59.71498233023909
	689.2430278884462	57.76732882545871
	693.2270916334661	57.42249038463643
	697.2111553784861	57.938780589189136
	701.1952191235059	56.89122981319314
	705.1792828685259	57.19900836327106
	709.1633466135459	57.89410934080398
	713.1474103585657	58.86646189803912
	717.1314741035857	59.611567547190006
	721.1155378486055	59.50696584166633
	725.0996015936255	60.440537942061916
	729.0836653386455	61.440090180241285
	733.0677290836653	61.42895971471681
	737.0517928286853	61.18668394101747
	741.0358565737051	61.43679082618402
	745.0199203187251	61.47793392031703
	749.0039840637451	61.128221913418685
	752.9880478087649	60.53231481712147
	756.9721115537849	61.13153760639345
	760.9561752988047	60.06518436284935
	764.9402390438247	59.87365437341565
	768.9243027888447	60.56956773800156
	772.9083665338645	59.28422766760769
	776.8924302788845	59.490609345375546
	780.8764940239043	59.30172560455616
	784.8605577689243	58.73014776182578
	788.8446215139443	58.89047186128548
	792.8286852589641	58.34114134798863
	796.8127490039841	56.96687183593971
	800.796812749004	58.04009618305402
	804.7808764940239	57.526635623526275
	808.7649402390439	56.08647993827968
	812.7490039840637	56.04059681790417
	816.7330677290837	56.931295938413996
	820.7171314741036	57.50399085778659
	824.7011952191235	56.44891983333221
	828.6852589641435	56.41296729795077
	832.6693227091633	55.17988421551833
	836.6533864541833	54.98137945923511
	840.6374501992032	56.58984934558149
	844.6215139442231	57.8695258186288
	848.605577689243	56.33500209890144
	852.589641434263	56.23146153696442
	856.5737051792829	55.4893606891811
	860.5577689243028	54.350109406917866
	864.5418326693227	51.70843835872924
	868.5258964143426	50.93340853035856
	872.5099601593625	50.66610337079088
	876.4940239043825	48.79058574875772
	880.4780876494024	48.74823546627445
	884.4621513944223	47.394426013447976
	888.4462151394422	47.31757013525751
	892.4302788844622	46.18754148019143
	896.4143426294821	44.80411424253444
	900.398406374502	43.97685106589469
	904.3824701195219	43.64139039772966
	908.3665338645418	42.20940911182228
	912.3505976095618	42.80263236492409
	916.3346613545817	41.13742953758907
	920.3187250996016	40.30822418655198
	924.3027888446215	39.66258425822711
	928.2868525896414	40.64057488240503
	932.2709163346614	41.05828476716005
	936.2549800796813	42.12848636718548
	940.2390438247012	43.539416197680005
	944.2231075697212	43.077671084167676
	948.207171314741	43.103455649082036
	952.191235059761	43.714255250211366
	956.1752988047808	43.36418555518945
	960.1593625498008	42.986528878095825
	964.1434262948208	42.266233770267206
	968.1274900398406	41.25789501980446
	972.1115537848606	40.01271100019272
	976.0956175298804	38.80803201026398
	980.0796812749004	36.873642319459755
	984.0637450199204	36.50504317880573
	988.0478087649402	35.03694370616852
	992.0318725099602	34.36439883089373
	996.01593625498	34.53387395274892
	1000.0	33.17474624653965
	1003.98406374502	32.09487504015872
	1007.9681274900398	32.289499578864486
	1011.9521912350598	34.11718468490426
	1015.9362549800796	34.28072584524867
	1019.9203187250996	34.48372069119217
	1023.9043824701196	35.69188946879851
	1027.8884462151395	36.453172287168904
	1031.8725099601593	37.61046727585987
	1035.8565737051792	39.98615993843123
	1039.8406374501992	40.78260849643818
	1043.8247011952192	42.510630983065894
	1047.8087649402391	43.67732225419363
	1051.7928286852589	45.10114214844342
	1055.7768924302788	47.8171527219577
	1059.7609561752988	47.878503517498736
	1063.7450199203188	48.85877421502799
	1067.7290836653387	50.31272322246201
	1071.7131474103585	51.11946734050609
	1075.6972111553785	51.64582136707531
	1079.6812749003984	50.0696072051031
	1083.6653386454184	51.010480563046
	1087.6494023904384	50.99948949037851
	1091.633466135458	50.28552406458984
	1095.617529880478	49.63910588846539
	1099.601593625498	49.31382213000099
	1103.585657370518	48.529187036772925
	1107.569721115538	50.645477544154275
	1111.5537848605577	50.98107321207229
	1115.5378486055777	50.53504050416712
	1119.5219123505976	51.17430341526905
	1123.5059760956176	50.38828335071467
	1127.4900398406376	50.932437281739396
	1131.4741035856573	51.594629110811866
	1135.4581673306773	50.60281163393096
	1139.4422310756972	50.71089606550978
	1143.4262948207172	50.96466482771676
	1147.4103585657372	49.23607412343857
	1151.394422310757	49.044670691922256
	1155.3784860557769	49.64520072239556
	1159.3625498007968	48.43806264733167
	1163.3466135458168	48.751478937581616
	1167.3306772908365	48.82558590222441
	1171.3147410358565	48.279912223136556
	1175.2988047808765	49.6105204234453
	1179.2828685258964	49.80124887899378
	1183.2669322709164	49.43930513641896
	1187.2509960159362	49.69397361912058
	1191.2350597609561	51.51587834443443
	1195.219123505976	51.3982567132401
	1199.203187250996	52.34156704003803
	1203.187250996016	51.249682807916145
	1207.1713147410358	50.554364755305656
	1211.1553784860557	49.89682759634201
	1215.1394422310757	48.72015921986949
	1219.1235059760957	49.92608771703907
	1223.1075697211156	51.55351606913499
	1227.0916334661354	51.52277827045168
	1231.0756972111553	51.32294857643538
	1235.0597609561753	51.43197218601672
	1239.0438247011953	49.749953074791264
	1243.0278884462152	46.538596703058595
	1247.011952191235	45.738201411597046
	1250.996015936255	44.04627555479966
	1254.980079681275	43.204166012523075
	1258.9641434262949	41.3452579481794
	1262.9482071713148	39.54118224435291
	1266.9322709163346	38.785247251489764
	1270.9163346613545	38.506945346552655
	1274.9003984063745	36.03255485720603
	1278.8844621513945	34.887057366759464
	1282.8685258964144	34.28332414784608
	1286.8525896414342	34.87909722572706
	1290.8366533864541	32.92666216704757
	1294.820717131474	32.10757636251065
	1298.804780876494	31.61485036485317
	1302.788844621514	31.4782976158468
	1306.7729083665338	30.578527773844392
	1310.7569721115538	32.02282071150209
	1314.7410358565737	32.82508703823139
	1318.7250996015937	34.19656695745892
	1322.7091633466136	35.96592786370127
	1326.6932270916334	36.19356214091646
	1330.6772908366534	36.886281731897284
	1334.6613545816733	38.76006115697709
	1338.6454183266933	40.12646969953363
	1342.6294820717133	40.06357316778125
	1346.613545816733	41.374527218537835
	1350.597609561753	44.38948637443502
	1354.581673306773	43.857928186574846
	1358.565737051793	43.6414814116226
	1362.5498007968129	45.945376999860976
	1366.5338645418326	45.45061968791469
	1370.5179282868526	44.86724501082559
	1374.5019920318725	44.86202542209356
	1378.4860557768925	44.79955681774819
	1382.4701195219125	45.392984760865204
	1386.4541832669322	46.466461661722285
	1390.4382470119522	44.53725845378535
	1394.4223107569721	46.198580682674255
	1398.406374501992	46.204618889397075
	1402.3904382470118	45.54695653462041
	1406.3745019920318	45.23846826102334
	1410.3585657370518	45.72592944988604
	1414.3426294820717	46.16816058090021
	1418.3266932270917	45.43311564257249
	1422.3107569721114	45.11089264817799
	1426.2948207171314	44.399000131566446
	1430.2788844621514	45.08063641204481
	1434.2629482071713	44.38645757573404
	1438.2470119521913	44.178508221848496
	1442.231075697211	43.55969199252165
	1446.215139442231	43.48124207941424
	1450.199203187251	41.39824945553667
	1454.183266932271	42.28559285864311
	1458.167330677291	41.71517262843446
	1462.1513944223107	41.8421783035033
	1466.1354581673306	41.13701752840407
	1470.1195219123506	40.24885990869011
	1474.1035856573706	41.425158358475194
	1478.0876494023905	40.00870092212053
	1482.0717131474103	40.623596629116044
	1486.0557768924302	39.559974866275994
	1490.0398406374502	40.26337892932867
	1494.0239043824702	41.04196166198448
	1498.0079681274901	41.395443815830326
	1501.9920318725099	40.60950327923158
	1505.9760956175298	41.9328734019414
	1509.9601593625498	42.00014134348595
	1513.9442231075698	42.77758468744796
	1517.9282868525897	43.22188889756571
	1521.9123505976095	44.505974228420456
	1525.8964143426294	44.789914975119565
	1529.8804780876494	43.43330628159929
	1533.8645418326694	44.19081552234631
	1537.8486055776893	44.11387802112508
	1541.832669322709	45.61973504078779
	1545.816733067729	44.4578738321278
	1549.800796812749	44.80584504401007
	1553.784860557769	46.11302533354285
	1557.768924302789	45.01772310556757
	1561.7529880478087	45.75555263900604
	1565.7370517928287	44.358788227975126
	1569.7211155378486	43.955310500718824
	1573.7051792828686	43.9451351633872
	1577.6892430278886	43.9833537318129
	1581.6733067729083	43.771415904188295
	1585.6573705179283	43.003422278388626
	1589.6414342629482	43.51075139997636
	1593.6254980079682	42.94944456129067
	1597.6095617529882	43.19500558907379
	1601.593625498008	41.943102094161745
	1605.5776892430279	42.10458700871126
	1609.5617529880478	42.36656531412723
	1613.5458167330678	43.380064670303
	1617.5298804780878	43.68722714731345
	1621.5139442231075	44.20456210490031
	1625.4980079681275	44.321353465367686
	1629.4820717131474	44.26502098623012
	1633.4661354581674	45.629987245001246
	1637.4501992031874	45.53150954705317
	1641.434262948207	47.551073273280664
	1645.418326693227	47.179214770530635
	1649.402390438247	49.22385985367366
	1653.386454183267	49.68592924527765
	1657.370517928287	50.83210784636128
	1661.3545816733067	52.59901170466382
	1665.3386454183267	55.43941039273513
	1669.3227091633466	55.45031268259314
	1673.3067729083666	55.70358979875625
	1677.2908366533864	55.55940307839946
	1681.2749003984063	56.58598165555456
	1685.2589641434263	56.25170495264694
	1689.2430278884462	56.903838547285915
	1693.2270916334662	56.02802396579928
	1697.211155378486	56.29314617802337
	1701.195219123506	56.12633133236689
	1705.179282868526	56.256117169868546
	1709.1633466135459	57.00012734218441
	1713.1474103585658	57.544516012231895
	1717.1314741035856	57.06013106328533
	1721.1155378486055	57.67460151182672
	1725.0996015936255	57.84539703229328
	1729.0836653386455	58.11637745148451
	1733.0677290836654	58.522548192766315
	1737.0517928286852	57.559482821925684
	1741.0358565737051	58.76654918932932
	1745.019920318725	58.94008105100074
	1749.003984063745	58.050669483681816
	1752.988047808765	59.07033252718165
	1756.9721115537848	58.578145889896824
	1760.9561752988047	58.61520247300243
	1764.9402390438247	59.049213233719016
	1768.9243027888447	59.87904542664027
	1772.9083665338646	58.77508383478574
	1776.8924302788844	58.51922507902395
	1780.8764940239043	58.7880027284863
	1784.8605577689243	59.487342963116554
	1788.8446215139443	59.69872806038356
	1792.8286852589642	59.910852597705556
	1796.812749003984	58.4141640292023
	1800.796812749004	58.30982562768178
	1804.780876494024	58.62353684098338
	1808.7649402390439	59.22394794243001
	1812.7490039840638	59.134637101238205
	1816.7330677290836	60.235482224645416
	1820.7171314741036	59.41534645003877
	1824.7011952191235	59.294303707296535
	1828.6852589641435	59.04207416059656
	1832.6693227091635	59.58721766145235
	1836.6533864541832	58.97269318445918
	1840.6374501992032	58.25160929046223
	1844.6215139442231	58.95831770200896
	1848.605577689243	59.34417189122435
	1852.589641434263	58.212691859739046
	1856.5737051792828	57.143326525019226
	1860.5577689243028	57.24605506165623
	1864.5418326693227	56.74819534504596
	1868.5258964143427	56.066531786838794
	1872.5099601593627	56.00727240171449
	1876.4940239043824	56.66889561856987
	1880.4780876494024	55.851407202117784
	1884.4621513944223	56.31209140617678
	1888.4462151394423	55.03038034675203
	1892.4302788844623	54.34277920319715
	1896.414342629482	54.86627735734655
	1900.398406374502	55.04500593323331
	1904.382470119522	54.98170694935421
	1908.366533864542	53.96081104164014
	1912.3505976095616	55.02537378566382
	1916.3346613545816	53.720208788563106
	1920.3187250996016	53.86866146529555
	1924.3027888446215	53.80576385005178
	1928.2868525896415	52.26629249204834
	1932.2709163346613	52.57737245139519
	1936.2549800796812	52.29275310078226
	1940.2390438247012	52.13233625584306
	1944.2231075697212	51.24615774174202
	1948.2071713147411	51.48406099182501
	1952.1912350597609	52.52272871879086
	1956.1752988047808	52.232835242834526
	1960.1593625498008	51.681575397669974
	1964.1434262948208	52.159103668194014
	1968.1274900398407	52.7889690079452
	1972.1115537848605	53.39634880222876
	1976.0956175298804	53.51930739080692
	1980.0796812749004	53.16605560335774
	1984.0637450199204	53.833671534227925
	1988.0478087649403	53.28104776241883
	1992.03187250996	53.650312618215025
	1996.01593625498	52.94242897464223
	2000.0	52.538058981428705
	2003.98406374502	51.79129140012054
	2007.96812749004	51.74804962174779
	2011.9521912350597	51.853518936346234
	2015.9362549800796	50.832879033118736
	2019.9203187250996	50.713375856475736
	2023.9043824701196	50.86871901625079
	2027.8884462151395	50.93090895256114
	2031.8725099601593	50.200794576787224
	2035.8565737051792	50.78450226952036
	2039.8406374501992	50.50270243461719
	2043.8247011952192	51.19330652826559
	2047.8087649402391	52.15904900095545
	2051.792828685259	52.20091248766168
	2055.776892430279	50.60135641214947
	2059.760956175299	51.80468868528854
	2063.7450199203186	50.88434283295781
	2067.7290836653387	50.192296875958505
	2071.7131474103585	50.5118764019197
	2075.6972111553787	50.83810398975935
	2079.6812749003984	51.19668238872119
	2083.665338645418	50.87554500641151
	2087.6494023904384	51.59162741290632
	2091.633466135458	50.521921931411455
	2095.6175298804783	50.98505948935695
	2099.601593625498	50.782455258718116
	2103.5856573705178	49.62487852352035
	2107.569721115538	49.04291583937771
	2111.5537848605577	49.58834031316353
	2115.537848605578	48.384454064248814
	2119.5219123505976	49.13102519821197
	2123.5059760956174	48.354976528203544
	2127.4900398406376	47.587365838545466
	2131.4741035856573	49.63366411222842
	2135.4581673306775	47.79713031731731
	2139.4422310756972	48.24155373426062
	2143.426294820717	49.34901447864398
	2147.410358565737	48.74910321205482
	2151.394422310757	50.55019248525268
	2155.378486055777	51.7634174084954
	2159.362549800797	51.2377595584336
	2163.3466135458166	51.91902797006152
	2167.330677290837	53.402925997192
	2171.3147410358565	53.55188441430137
	2175.2988047808767	54.736488990534475
	2179.2828685258964	53.759818291991195
	2183.266932270916	53.914094947687886
	2187.2509960159364	55.297521530385495
	2191.235059760956	55.262722999626334
	2195.2191235059763	54.56540373406432
	2199.203187250996	53.79424925264949
	2203.187250996016	53.56614365280235
	2207.171314741036	53.674148597110076
	2211.1553784860557	53.50087971156238
	2215.139442231076	53.625715407282584
	2219.1235059760957	54.239931300860434
	2223.1075697211154	53.49931012388134
	2227.0916334661356	53.343742000320404
	2231.0756972111553	52.88726144468369
	2235.0597609561755	52.092812380474946
	2239.0438247011953	53.3707116686486
	2243.027888446215	54.415061496928594
	2247.011952191235	54.12810014174531
	2250.996015936255	52.95224701400518
	2254.980079681275	52.16917242812052
	2258.964143426295	53.0234978890142
	2262.9482071713146	53.46053794090302
	2266.932270916335	53.63256416301009
	2270.9163346613545	53.32810949367938
	2274.9003984063747	52.858772817403654
	2278.8844621513945	51.77857281765068
	2282.868525896414	52.39604476270311
	2286.8525896414344	53.034775091554174
	2290.836653386454	51.972812728715496
	2294.8207171314743	50.76525110430238
	2298.804780876494	52.128514671848976
	2302.788844621514	52.26550142607011
	2306.772908366534	52.76908029331491
	2310.7569721115538	52.375215331186055
	2314.7410358565735	51.71536309204443
	2318.7250996015937	52.04846758393592
	2322.7091633466134	51.98865476209174
	2326.6932270916336	52.37162162373461
	2330.6772908366534	52.30106860419176
	2334.661354581673	51.54693884994607
	2338.6454183266933	52.65136608418639
	2342.629482071713	52.01947091295008
	2346.613545816733	51.23056949440105
	2350.597609561753	51.89892170087708
	2354.5816733067727	51.869919442990195
	2358.565737051793	52.36648896416014
	2362.5498007968126	51.386194267807596
	2366.533864541833	52.7079790968441
	2370.5179282868526	52.090581368019485
	2374.5019920318723	52.63376497392399
	2378.4860557768925	52.280901106613165
	2382.4701195219122	51.91156153599224
	2386.4541832669324	52.02168027412924
	2390.438247011952	51.85070196499708
	2394.422310756972	52.42354615394326
	2398.406374501992	53.47233828902513
	2402.390438247012	52.23217367604705
	2406.374501992032	52.62161907087194
	2410.358565737052	52.44560145439791
	2414.3426294820715	53.87009112477344
	2418.3266932270917	53.322007751401074
	2422.3107569721114	53.115311662618026
	2426.2948207171316	52.58202471232871
	2430.2788844621514	53.485741390791134
	2434.262948207171	54.267959038362875
	2438.2470119521913	53.73183261699417
	2442.231075697211	53.48482431959961
	2446.2151394422312	54.14551965406332
	2450.199203187251	53.309594397138525
	2454.1832669322707	52.84023004080438
	2458.167330677291	52.786183427146874
	2462.1513944223107	53.1625487935157
	2466.135458167331	53.4938297833
	2470.1195219123506	53.066408125548115
	2474.1035856573703	53.13826521700308
	2478.0876494023905	53.57114461457293
	2482.0717131474103	51.620308446916034
	2486.0557768924305	51.20969912236562
	2490.03984063745	51.32782619415276
	2494.02390438247	51.41798871935721
	2498.00796812749	49.6985141322036
	2501.99203187251	50.28985046925114
	2505.97609561753	49.949406242615886
	2509.96015936255	50.69576223578313
	2513.9442231075695	49.11527875638946
	2517.9282868525897	49.24045895658682
	2521.9123505976095	49.98433945050898
	2525.8964143426297	49.35392447363607
	2529.8804780876494	49.013732091791766
	2533.864541832669	49.78232714038466
	2537.8486055776893	48.89393731295919
	2541.832669322709	48.69296259319735
	2545.8167330677293	49.192824902851854
	2549.800796812749	48.75710212377534
	2553.7848605577688	49.32168879802707
	2557.768924302789	49.557511367740965
	2561.7529880478087	48.435206183678694
	2565.737051792829	48.20003654863523
	2569.7211155378486	49.123489021492254
	2573.7051792828684	49.11037594553096
	2577.6892430278886	47.500289451855195
	2581.6733067729083	47.732852039360154
	2585.6573705179285	48.97448300032852
	2589.641434262948	48.588993739981305
	2593.625498007968	48.66462263787274
	2597.609561752988	48.98794456159705
	2601.593625498008	49.26897178117069
	2605.577689243028	48.60742380135968
	2609.561752988048	46.95424162882594
	2613.5458167330676	47.221524647561814
	2617.5298804780878	45.648029846287685
	2621.5139442231075	45.78194187643889
	2625.4980079681277	45.12362364613065
	2629.4820717131474	45.07349198205014
	2633.466135458167	45.062202339987685
	2637.4501992031874	44.92152745885936
	2641.434262948207	43.1874974376162
	2645.4183266932273	43.63189449182819
	2649.402390438247	43.97279020729181
	2653.386454183267	43.8221703743637
	2657.370517928287	42.36017674688219
	2661.3545816733067	44.18577933337331
	2665.338645418327	44.55909427050875
	2669.3227091633466	44.650262601164165
	2673.3067729083664	44.7192209537776
	2677.2908366533866	43.64114401476986
	2681.2749003984063	44.79382176927043
	2685.2589641434265	45.43932903005025
	2689.2430278884462	45.205343350491695
	2693.227091633466	45.56521307348619
	2697.211155378486	46.19168012793746
	2701.195219123506	47.051927156269564
	2705.179282868526	47.31366566906961
	2709.163346613546	46.86441777718855
	2713.1474103585656	47.67887665423189
	2717.131474103586	46.72750416870144
	2721.1155378486055	46.53289522091615
	2725.0996015936257	47.48391741227061
	2729.0836653386455	46.72592777581532
	2733.067729083665	47.598356067679795
	2737.0517928286854	47.6212087998723
	2741.035856573705	49.2049517400893
	2745.0199203187253	48.97649540998418
	2749.003984063745	48.57082662690465
	2752.988047808765	47.300648852068775
	2756.972111553785	49.3600320367425
	2760.9561752988047	48.98541127729861
	2764.940239043825	49.864606854769335
	2768.9243027888447	50.771932685707306
	2772.9083665338644	51.64993992577059
	2776.8924302788846	52.116185394653115
	2780.8764940239043	51.68398466903611
	2784.8605577689245	51.96995650778845
	2788.8446215139443	52.77453515958545
	2792.828685258964	52.698489170652735
	2796.812749003984	52.85838311045585
	2800.796812749004	53.247966466196175
	2804.7808764940237	53.3454358875091
	2808.764940239044	53.52459215640315
	2812.7490039840636	53.48457727588568
	2816.733067729084	53.55083312090728
	2820.7171314741036	53.26166720516801
	2824.7011952191233	53.79962953316293
	2828.6852589641435	53.188731547486015
	2832.669322709163	52.92958299194432
	2836.6533864541834	52.20583448860139
	2840.637450199203	53.11102667233009
	2844.621513944223	53.53391418506813
	2848.605577689243	52.29637928540663
	2852.589641434263	52.47191655188825
	2856.573705179283	52.989371276847706
	2860.5577689243028	52.84628368404405
	2864.5418326693225	53.51538029736439
	2868.5258964143427	52.968078733494195
	2872.5099601593624	53.38504729685482
	2876.4940239043826	52.74893779501839
	2880.4780876494024	52.62505937453915
	2884.462151394422	53.349080979172726
	2888.4462151394423	52.82803862699316
	2892.430278884462	53.629804697203994
	2896.4143426294822	54.636706846451176
	2900.398406374502	53.70390172185189
	2904.3824701195217	52.608192648228
	2908.366533864542	53.95698343207374
	2912.3505976095616	54.49124289662961
	2916.334661354582	54.28441667718633
	2920.3187250996016	53.30567481990788
	2924.3027888446213	53.913861855259015
	2928.2868525896415	54.47057076969932
	2932.2709163346613	54.919891755629955
	2936.2549800796814	54.99011969451453
	2940.239043824701	55.28980637519237
	2944.223107569721	55.674882725131056
	2948.207171314741	56.07186886588157
	2952.191235059761	55.302318772776324
	2956.175298804781	53.6113333636493
	2960.159362549801	54.20591261035442
	2964.1434262948205	52.8635810076129
	2968.1274900398407	52.30409646904619
	2972.1115537848605	51.6122193302015
	2976.0956175298807	50.41040297459021
	2980.0796812749004	50.46125533138315
	2984.06374501992	48.100794689248225
	2988.0478087649403	47.5695218951434
	2992.03187250996	47.56794421164009
	2996.0159362549803	47.8879393712014
	3000.0	47.29263149092248
	3003.9840637450197	46.55747431607226
	3007.96812749004	45.65454585815252
	3011.9521912350597	46.41101554382423
	3015.93625498008	45.98170350022965
	3019.9203187250996	46.42862017666264
	3023.9043824701193	44.6767521909421
	3027.8884462151395	45.645850462476915
	3031.8725099601593	45.63783949573661
	3035.8565737051795	46.47039709145561
	3039.840637450199	46.43694497378007
	3043.824701195219	45.69328339879252
	3047.808764940239	46.469115088248934
	3051.792828685259	48.12831559363799
	3055.776892430279	46.85912930122889
	3059.760956175299	49.126263425519035
	3063.7450199203186	48.995223171037466
	3067.7290836653387	49.10770184293976
	3071.7131474103585	49.49936419605506
	3075.6972111553787	50.67506595861319
	3079.6812749003984	51.33385496580286
	3083.665338645418	50.289954183759974
	3087.6494023904384	51.92163046024851
	3091.633466135458	51.01054851183691
	3095.6175298804783	51.28665772216122
	3099.601593625498	51.5483228686893
	3103.5856573705178	50.530983868384965
	3107.569721115538	52.185509599800575
	3111.5537848605577	51.152015144818215
	3115.537848605578	52.137060313677296
	3119.5219123505976	51.28944406568426
	3123.5059760956174	51.13682225413908
	3127.4900398406376	52.03887893260084
	3131.4741035856573	52.71188007232493
	3135.4581673306775	52.02400138753213
	3139.4422310756972	52.014185763485
	3143.426294820717	51.57481695001771
	3147.410358565737	50.13495609923852
	3151.394422310757	50.16058815925479
	3155.378486055777	50.880782649209124
	3159.362549800797	50.31810269376265
	3163.3466135458166	51.43037533911348
	3167.330677290837	50.40017979539844
	3171.3147410358565	49.089078122048974
	3175.2988047808767	50.01444913319056
	3179.2828685258964	50.88367286875231
	3183.266932270916	50.79462777366111
	3187.2509960159364	50.58904246525789
	3191.235059760956	49.771747249547346
	3195.2191235059763	49.35390866164677
	3199.203187250996	50.60826749235542
	3203.187250996016	50.2748793576417
	3207.171314741036	49.74582849476302
	3211.1553784860557	49.53956510621097
	3215.139442231076	50.3131066206192
	3219.1235059760957	50.987954743226766
	3223.1075697211154	50.31390743980267
	3227.0916334661356	50.21837797490491
	3231.0756972111553	50.0774751401822
	3235.0597609561755	50.03820804303362
	3239.0438247011953	49.10577779745033
	3243.027888446215	49.05205773954758
	3247.011952191235	49.71317103087337
	3250.996015936255	49.52263574187575
	3254.980079681275	50.10512657196976
	3258.964143426295	49.70154145154187
	3262.9482071713146	50.65712794274377
	3266.932270916335	50.924658911487775
	3270.9163346613545	50.58250862092636
	3274.9003984063747	50.05339423435552
	3278.8844621513945	49.505811136292934
	3282.868525896414	49.80331904782599
	3286.8525896414344	49.95104397091307
	3290.836653386454	50.35639155783695
	3294.8207171314743	50.771207673629455
	3298.804780876494	50.46386553996126
	3302.788844621514	50.08614167858227
	3306.772908366534	50.61639555572562
	3310.7569721115538	51.264881079378284
	3314.741035856574	50.99330033857307
	3318.7250996015937	51.17637553724346
	3322.7091633466134	51.94877189597705
	3326.6932270916336	52.62450282784124
	3330.6772908366534	51.73301012353239
	3334.661354581673	51.17220676078968
	3338.6454183266933	51.02391163534166
	3342.629482071713	51.964638591529734
	3346.613545816733	51.41490343642794
	3350.597609561753	51.57727158361445
	3354.5816733067727	52.2779029259888
	3358.565737051793	52.97512610307479
	3362.5498007968126	52.6533431429423
	3366.533864541833	54.39250203855864
	3370.5179282868526	54.231540262992496
	3374.5019920318723	52.94340614767541
	3378.4860557768925	52.84180687053243
	3382.4701195219122	53.18727636201093
	3386.4541832669324	53.95931383329001
	3390.438247011952	53.30814019372366
	3394.422310756972	53.04691162381333
	3398.406374501992	53.56731966594721
	3402.390438247012	54.37743675538251
	3406.374501992032	54.11176274003226
	3410.358565737052	53.92137846490691
	3414.3426294820715	53.47523257068226
	3418.3266932270917	53.306292068769245
	3422.3107569721114	54.4038016562206
	3426.2948207171316	53.291816842216654
	3430.2788844621514	52.77160817630508
	3434.262948207171	53.69584396799656
	3438.2470119521913	53.33002671855041
	3442.231075697211	52.895418630286756
	3446.2151394422312	51.602735758024494
	3450.199203187251	52.90122577219436
	3454.1832669322707	52.96824122216777
	3458.167330677291	52.5548257959218
	3462.1513944223107	53.787370026738174
	3466.135458167331	52.85590585487806
	3470.1195219123506	52.136806120395434
	3474.1035856573703	52.12370299270903
	3478.0876494023905	52.381664561005444
	3482.0717131474103	52.30601117146948
	3486.0557768924305	51.87218691126358
	3490.03984063745	52.31018922835875
	3494.02390438247	53.06545835138032
	3498.00796812749	51.649936123359865
	3501.99203187251	51.37448759009649
	3505.97609561753	52.509860492998996
	3509.96015936255	52.31035130543521
	3513.9442231075695	50.91265304671242
	3517.9282868525897	51.04564659880796
	3521.9123505976095	51.866817847970665
	3525.8964143426297	52.4221277130554
	3529.8804780876494	51.970915064042075
	3533.864541832669	51.95051113379394
	3537.8486055776893	52.39628035627728
	3541.832669322709	52.50308722820531
	3545.8167330677293	53.58854027455247
	3549.800796812749	52.89990096244277
	3553.7848605577688	51.7542094607969
	3557.768924302789	52.55079857744846
	3561.7529880478087	52.48149103806281
	3565.737051792829	53.00846861906024
	3569.7211155378486	52.500274528710584
	3573.7051792828684	51.84316090679273
	3577.6892430278886	53.000307853564564
	3581.6733067729083	52.117181236688864
	3585.6573705179285	51.41940836459454
	3589.641434262948	51.485287224198046
	3593.625498007968	52.39218144917214
	3597.609561752988	52.49567589034126
	3601.593625498008	52.37128598483159
	3605.577689243028	52.365417362760056
	3609.561752988048	51.91528500138325
	3613.5458167330676	51.02304458849793
	3617.5298804780878	52.216654996416835
	3621.5139442231075	52.146238034444394
	3625.4980079681277	52.046087663773875
	3629.4820717131474	51.3714744607205
	3633.466135458167	51.421245364388845
	3637.4501992031874	51.410149561134084
	3641.434262948207	51.46641735412579
	3645.4183266932273	51.845784200416205
	3649.402390438247	51.70547321976015
	3653.386454183267	51.43265778847517
	3657.370517928287	51.61726974725017
	3661.3545816733067	51.17395446172296
	3665.338645418327	50.3792177330923
	3669.3227091633466	51.22954354328038
	3673.3067729083664	51.52666468076525
	3677.2908366533866	50.70702386629471
	3681.2749003984063	51.33960263838659
	3685.2589641434265	51.0286584450735
	3689.2430278884462	50.844884320603626
	3693.227091633466	51.496792107308316
	3697.211155378486	51.11017808306069
	3701.195219123506	51.76837047470532
	3705.179282868526	50.591339646397124
	3709.163346613546	50.509002565445954
	3713.1474103585656	51.745973787729326
	3717.131474103586	51.39631699299432
	3721.1155378486055	51.00683311702692
	3725.0996015936257	51.45944383339814
	3729.0836653386455	50.66928305539111
	3733.067729083665	51.44280724708008
	3737.0517928286854	51.31837019115922
	3741.035856573705	50.41546211393622
	3745.0199203187253	50.84823014737675
	3749.003984063745	51.28255456293662
	3752.988047808765	50.84296280309104
	3756.972111553785	50.40212420900129
	3760.9561752988047	51.23798304259944
	3764.940239043825	50.669884936539276
	3768.9243027888447	50.39793260057644
	3772.9083665338644	50.610954616599706
	3776.8924302788846	49.775625205185136
	3780.8764940239043	51.458925501624535
	3784.8605577689245	51.98728780055955
	3788.8446215139443	52.03006508059958
	3792.828685258964	51.48445682431682
	3796.812749003984	51.406872514341416
	3800.796812749004	50.11427439075699
	3804.780876494024	51.48814449366799
	3808.764940239044	51.056459579191376
	3812.7490039840636	50.97043246042216
	3816.733067729084	50.60163631379468
	3820.7171314741036	51.16079423255901
	3824.7011952191233	51.58541290223579
	3828.6852589641435	50.99910873262711
	3832.669322709163	50.45732222807068
	3836.6533864541834	50.72082888458673
	3840.637450199203	50.689284203460915
	3844.621513944223	50.21752655563311
	3848.605577689243	50.87377412424579
	3852.589641434263	50.64361014691408
	3856.573705179283	51.38894056726536
	3860.5577689243028	50.19097859844663
	3864.5418326693225	50.43315521029843
	3868.5258964143427	51.40324301290925
	3872.5099601593624	50.891680194926906
	3876.4940239043826	50.15852818488475
	3880.4780876494024	50.76764979580261
	3884.462151394422	51.33347440650898
	3888.4462151394423	51.13760260920918
	3892.430278884462	51.23314356085857
	3896.4143426294822	51.6376619321144
	3900.398406374502	50.539698839416964
	3904.3824701195217	50.52310584476135
	3908.366533864542	51.19062897073454
	3912.3505976095616	52.689226783156826
	3916.334661354582	51.65189565280306
	3920.3187250996016	52.161006956914676
	3924.3027888446213	51.585954113047706
	3928.2868525896415	52.08937744143559
	3932.2709163346613	52.49039528097391
	3936.2549800796814	51.51836868307163
	3940.239043824701	51.233542192169566
	3944.223107569721	51.73220651551748
	3948.207171314741	52.53892486301253
	3952.191235059761	52.91293365039172
	3956.175298804781	52.55024405294964
	3960.159362549801	52.625040573268876
	3964.1434262948205	54.11340531824191
	3968.1274900398407	53.14653916294833
	3972.1115537848605	52.04569836429182
	3976.0956175298807	52.43338725854961
	3980.0796812749004	52.531760825236915
	3984.06374501992	52.88607487801204
	3988.0478087649403	52.272924952084445
	3992.03187250996	53.422560343932886
	3996.0159362549803	52.64572054258571
	4000.0	52.25290536446372
	4003.9840637450197	52.501037404851935
	4007.96812749004	52.46440162447405
	4011.9521912350597	53.70001761334991
	4015.93625498008	53.88243563714078
	4019.9203187250996	53.66705316110717
	4023.9043824701193	54.07349793493333
	4027.8884462151395	54.171399678911925
	4031.8725099601593	54.7325158879777
	4035.8565737051795	54.41105238120165
	4039.840637450199	54.014055879386795
	4043.824701195219	53.44665279418579
	4047.808764940239	53.84532076496253
	4051.792828685259	53.88491970014017
	4055.776892430279	54.692072505281416
	4059.760956175299	54.82118696634351
	4063.7450199203186	55.45341879209224
	4067.7290836653387	53.82054006328083
	4071.7131474103585	53.60700405196855
	4075.6972111553787	54.50786801892704
	4079.6812749003984	53.60253202667343
	4083.665338645418	53.64625805521766
	4087.6494023904384	53.95070497681422
	4091.633466135458	53.89700332171707
	4095.6175298804783	54.612486151852366
	4099.601593625498	53.52494073789387
	4103.585657370518	53.57655718945055
	4107.5697211155375	53.50699316248072
	4111.553784860558	54.767410324976524
	4115.537848605578	54.79414223166876
	4119.521912350598	55.78255502079344
	4123.505976095617	55.05488666283494
	4127.490039840637	54.90482424883474
	4131.474103585658	54.80156127510915
	4135.4581673306775	53.9664247107369
	4139.442231075697	53.65611363227842
	4143.426294820717	52.9759645780282
	4147.410358565737	54.291134663113844
	4151.394422310757	54.666876815971754
	4155.378486055777	55.07409501198562
	4159.362549800797	53.686483154368275
	4163.346613545817	53.58873757676371
	4167.330677290836	53.27652334243573
	4171.314741035857	53.04296314133733
	4175.298804780877	53.371245001661826
	4179.282868525896	53.98222184958214
	4183.266932270916	52.39456644565145
	4187.250996015936	52.86904487002939
	4191.235059760957	53.38113576503446
	4195.219123505976	52.33456572782166
	4199.203187250996	50.92133059367394
	4203.187250996016	51.7591754605684
	4207.1713147410355	51.08431975042184
	4211.155378486056	51.44437664113446
	4215.139442231076	51.835460761908706
	4219.123505976096	50.3672024253203
	4223.107569721115	51.273072518655
	4227.091633466135	50.817623884429366
	4231.075697211156	51.63069673451838
	4235.0597609561755	50.23751260044193
	4239.043824701195	49.8601652715
	4243.027888446215	49.89109899978697
	4247.011952191235	50.517920733053494
	4250.996015936255	49.82337391860223
	4254.980079681275	49.8468236721977
	4258.964143426295	49.24884281897441
	4262.948207171315	49.15523663530181
	4266.932270916334	47.431494620311284
	4270.916334661355	47.274852329045
	4274.900398406375	49.580245932450026
	4278.8844621513945	48.93320859707216
	4282.868525896414	48.59636226439065
	4286.852589641434	47.22118394765188
	4290.836653386455	47.654125752813094
	4294.820717131474	48.20361237797822
	4298.804780876494	48.10945724386052
	4302.788844621514	47.550754628180925
	4306.772908366534	48.92509261586015
	4310.756972111554	47.87783592330208
	4314.741035856574	48.45290014715577
	4318.725099601594	46.89595657992568
	4322.709163346613	47.467045705860045
	4326.693227091633	47.9353961722548
	4330.677290836654	47.577363068703576
	4334.661354581674	46.98487857826316
	4338.645418326693	48.099956262293276
	4342.629482071713	47.46170450193139
	4346.613545816733	46.44099917451611
	4350.597609561753	46.22839592182864
	4354.581673306773	46.940141697310295
	4358.565737051793	45.14110356177095
	4362.549800796813	44.63587412214396
	4366.533864541832	45.40845765604497
	4370.517928286853	45.610916477609166
	4374.501992031873	44.88001793447872
	4378.4860557768925	45.45391746776686
	4382.470119521912	46.261971970715365
	4386.454183266932	43.74943203686268
	4390.438247011953	44.07413966176068
	4394.422310756972	44.74058431646703
	4398.406374501992	45.396425518175825
	4402.390438247012	45.76828723915337
	4406.374501992032	44.57309531838622
	4410.358565737052	44.766507976798174
	4414.342629482072	45.156009118613945
	4418.326693227092	44.96519922725327
	4422.310756972111	44.40029606821514
	4426.294820717131	44.7713769501234
	4430.278884462152	45.15293097581895
	4434.262948207172	44.298772521840874
	4438.247011952191	45.28707581943543
	4442.231075697211	44.46547769950462
	4446.215139442231	43.33391421110848
	4450.199203187251	43.8605572475337
	4454.183266932271	44.078460101836356
	4458.167330677291	43.85999057650813
	4462.151394422311	45.12390100970384
	4466.13545816733	45.09833342278442
	4470.119521912351	44.41514771829893
	4474.103585657371	43.86995217244166
	4478.0876494023905	43.64344089092992
	4482.07171314741	44.91655861833028
	4486.05577689243	44.52982257010302
	4490.039840637451	44.88249781334973
	4494.02390438247	45.65796817683836
	4498.00796812749	45.41836749305578
	4501.99203187251	45.8688643076207
	4505.97609561753	45.37519588422758
	4509.96015936255	45.47458582400654
	4513.94422310757	46.33923562479857
	4517.92828685259	46.02099743640599
	4521.9123505976095	46.77013250819914
	4525.896414342629	47.19868191590457
	4529.88047808765	47.64452822608626
	4533.86454183267	46.90968661613245
	4537.848605577689	46.90588301996246
	4541.832669322709	47.693670302823946
	4545.816733067729	47.6601026529822
	4549.8007968127495	47.02707743128815
	4553.784860557769	48.52417074255678
	4557.768924302789	48.18180075380148
	4561.752988047809	48.814783524159424
	4565.737051792828	48.31725976671009
	4569.721115537849	48.41752838085462
	4573.705179282869	48.82875455855422
	4577.689243027889	48.394407700092884
	4581.673306772908	47.792523069414436
	4585.657370517928	47.689583754005525
	4589.641434262949	47.90605351712032
	4593.625498007968	48.101684382262476
	4597.609561752988	48.24088450615086
	4601.593625498008	47.8384984299455
	4605.577689243028	47.0223434770226
	4609.561752988047	47.66825178984461
	4613.545816733068	47.20558067859021
	4617.529880478088	47.47635419839307
	4621.5139442231075	46.75525264991503
	4625.498007968127	47.298176433460235
	4629.482071713147	47.15676744346347
	4633.466135458168	47.205413200963434
	4637.450199203187	46.94066372693341
	4641.434262948207	46.291244059714614
	4645.418326693227	46.92881264338186
	4649.402390438247	46.339109494133446
	4653.386454183267	45.69611271665259
	4657.370517928287	45.97144389229851
	4661.354581673307	46.23180541662318
	4665.338645418326	45.709990006040854
	4669.322709163346	46.20969177913874
	4673.306772908367	43.96480442968338
	4677.290836653387	44.841173205859405
	4681.274900398406	45.25526797071372
	4685.258964143426	44.66026141653296
	4689.243027888446	45.22598998162376
	4693.227091633466	44.63030822355789
	4697.211155378486	44.374869535027926
	4701.195219123506	44.03070336671397
	4705.179282868526	43.645445119828416
	4709.163346613545	43.06545127338504
	4713.147410358566	42.64994804729244
	4717.131474103586	42.738516455481644
	4721.1155378486055	42.920321871068865
	4725.099601593625	42.43076572734887
	4729.083665338645	43.31507807509793
	4733.067729083666	41.40279758263533
	4737.051792828685	41.783197516759394
	4741.035856573705	42.26932763428291
	4745.019920318725	41.993903672141364
	4749.003984063745	41.38404436972945
	4752.988047808765	42.623187494668535
	4756.972111553785	42.438520267578006
	4760.956175298805	41.36744241243041
	4764.9402390438245	41.86386579379828
	4768.924302788844	43.98628078484406
	4772.908366533865	43.453925466171015
	4776.892430278885	42.55296791978548
	4780.876494023904	42.1524651368977
	4784.860557768924	42.722233742444196
	4788.844621513944	42.59207064459524
	4792.8286852589645	42.30204430044854
	4796.812749003984	42.87016393163732
	4800.796812749004	43.44261266767465
	4804.780876494024	43.96913773849417
	4808.764940239043	43.14903488658362
	4812.749003984064	43.91700773013344
	4816.733067729084	43.33071467156448
	4820.717131474104	43.97944885708003
	4824.701195219123	42.70198673851123
	4828.685258964143	43.66236973507128
	4832.669322709164	43.30989025719064
	4836.653386454183	44.522148670906965
	4840.637450199203	44.04100992187253
	4844.621513944223	44.83548268029524
	4848.605577689243	43.644709697547015
	4852.589641434263	43.830666097476616
	4856.573705179283	43.56787296489657
	4860.557768924303	44.956796394475006
	4864.5418326693225	44.31686714486075
	4868.525896414342	44.59034361757668
	4872.509960159363	45.041409093125836
	4876.494023904383	45.3573336077796
	4880.478087649402	45.20642395644667
	4884.462151394422	45.05747040192249
	4888.446215139442	45.09191201087886
	4892.4302788844625	45.347658287410724
	4896.414342629482	44.32391716819052
	4900.398406374502	44.702331108220264
	4904.382470119522	45.79640574547493
	4908.366533864541	45.874599156650426
	4912.350597609562	45.4515231575472
	4916.334661354582	45.98747057514974
	4920.318725099602	45.81319803899291
	4924.302788844621	46.933190448015935
	4928.286852589641	45.91784542578213
	4932.270916334662	46.20048211582551
	4936.254980079681	47.296236439823964
	4940.239043824701	47.88440746519473
	4944.223107569721	47.00034221316376
	4948.207171314741	46.4987781985012
	4952.191235059761	47.046522744468874
	4956.175298804781	47.778296980388966
	4960.159362549801	48.400513443152285
	4964.1434262948205	48.03347716413399
	4968.12749003984	48.01350935542687
	4972.111553784861	47.90282634963472
	4976.095617529881	48.24785543264247
	4980.0796812749	48.366857966147535
	4984.06374501992	48.029403995333254
	4988.04780876494	47.97287459989774
	4992.0318725099605	48.271727307783515
	4996.01593625498	48.9444127209856
	5000.0	48.84401341854258
	5003.98406374502	48.42265193858002
	5007.9681274900395	48.022446228717904
	5011.95219123506	49.45329075499608
	5015.93625498008	49.35358354040979
	5019.9203187251	48.67220712205558
	5023.904382470119	48.83777790599461
	5027.888446215139	48.71514240538379
	5031.87250996016	49.638242923346
	5035.8565737051795	49.79440621652187
	5039.840637450199	48.86056359676955
	5043.824701195219	49.69164771894357
	5047.808764940239	50.148062012681926
	5051.792828685259	49.30332263157502
	5055.776892430279	49.41741522363185
	5059.760956175299	50.34244145765494
	5063.745019920319	49.92934799665926
	5067.729083665338	50.1303070304335
	5071.713147410359	48.735773186501504
	5075.697211155379	49.09868398888421
	5079.681274900398	50.81152803986783
	5083.665338645418	51.06723745221217
	5087.649402390438	50.494376248568926
	5091.633466135459	49.847857570787454
	5095.617529880478	50.48953044383073
	5099.601593625498	50.93589568480027
	5103.585657370518	50.79968313375532
	5107.5697211155375	49.88787363280301
	5111.553784860558	50.96887968697678
	5115.537848605578	50.53867602135277
	5119.521912350598	51.201722674432816
	5123.505976095617	51.073160275663234
	5127.490039840637	51.25489584366629
	5131.474103585658	51.19869694192494
	5135.4581673306775	51.6397628249286
	5139.442231075697	50.97306595403569
	5143.426294820717	51.171190069890756
	5147.410358565737	51.355504323370425
	5151.394422310757	51.793243986495966
	5155.378486055777	51.81199448109844
	5159.362549800797	50.925492701648025
	5163.346613545817	50.65236968374467
	5167.330677290836	51.77364497327167
	5171.314741035857	52.12983122976866
	5175.298804780877	51.235540211556255
	5179.282868525896	51.16781234887519
	5183.266932270916	50.810867069770005
	5187.250996015936	50.53100310348417
	5191.235059760957	50.94192478005709
	5195.219123505976	50.78215748521143
	5199.203187250996	51.463059136191056
	5203.187250996016	50.92846401029292
	5207.1713147410355	51.44368600761532
	5211.155378486056	50.91305125269767
	5215.139442231076	50.92158447115139
	5219.123505976096	51.20325197449538
	5223.107569721115	50.525130784238435
	5227.091633466135	50.193955139323776
	5231.075697211156	49.30174154734772
	5235.0597609561755	51.18937970125819
	5239.043824701195	51.998697952772694
	5243.027888446215	52.527160154066166
	5247.011952191235	50.730362385477825
	5250.996015936255	50.792569383311104
	5254.980079681275	50.39795739550033
	5258.964143426295	51.63513023059572
	5262.948207171315	51.53059809690155
	5266.932270916334	51.594196518733284
	5270.916334661355	51.96412157403569
	5274.900398406375	51.354358661081825
	5278.8844621513945	50.831668076064446
	5282.868525896414	51.98859490374793
	5286.852589641434	50.48309076213326
	5290.836653386455	50.108806356798
	5294.820717131474	50.91429184258988
	5298.804780876494	50.28023734240748
	5302.788844621514	49.60731075272129
	5306.772908366534	50.46233564157813
	5310.756972111554	50.902740200808545
	5314.741035856574	50.2224836025669
	5318.725099601594	50.1529584804491
	5322.709163346613	50.60391701574463
	5326.693227091633	49.918228693150894
	5330.677290836654	49.693079281967925
	5334.661354581674	50.22445394789317
	5338.645418326693	50.23218277455512
	5342.629482071713	50.42501028987445
	5346.613545816733	51.04941662399743
	5350.597609561753	49.484253310668024
	5354.581673306773	51.020542545657236
	5358.565737051793	51.30595077585256
	5362.549800796813	50.683272028765536
	5366.533864541832	50.048297287283454
	5370.517928286853	51.015719957168805
	5374.501992031873	50.852041973851854
	5378.4860557768925	50.988949168339
	5382.470119521912	51.85798524863883
	5386.454183266932	49.97506549094929
	5390.438247011953	49.80952820783628
	5394.422310756972	50.26591492112524
	5398.406374501992	50.46818104855353
	5402.390438247012	51.62902075716465
	5406.374501992032	51.33041694798476
	5410.358565737052	51.07032946411486
	5414.342629482072	51.12343094989689
	5418.326693227092	51.91493922599893
	5422.310756972111	51.79227372937789
	5426.294820717131	51.971114054586344
	5430.278884462152	51.38011168051871
	5434.262948207172	52.17099985291091
	5438.247011952191	51.664762229791215
	5442.231075697211	51.45683402450773
	5446.215139442231	51.60491371663611
	5450.199203187251	51.46729175798049
	5454.183266932271	52.71524689481598
	5458.167330677291	52.63928402641863
	5462.151394422311	52.70683883809205
	5466.13545816733	52.74294143306565
	5470.119521912351	52.158591211681006
	5474.103585657371	52.573008330879425
	5478.0876494023905	52.86903584005118
	5482.07171314741	53.29009567426517
	5486.05577689243	52.74200177397395
	5490.039840637451	53.28388146035649
	5494.02390438247	52.21905233832117
	5498.00796812749	52.83136462506548
	5501.99203187251	53.364444355229956
	5505.97609561753	54.44037829530815
	5509.96015936255	54.009876762799145
	5513.94422310757	53.207293887066854
	5517.92828685259	54.69167357662002
	5521.9123505976095	53.43340078143839
	5525.896414342629	52.62472716327235
	5529.88047808765	52.71591858779617
	5533.86454183267	52.776506246093376
	5537.848605577689	53.62984271501319
	5541.832669322709	52.99017001913013
	5545.816733067729	53.05067018593142
	5549.8007968127495	53.83439738652653
	5553.784860557769	52.786940228144566
	5557.768924302789	52.337028276114296
	5561.752988047809	53.277650227673206
	5565.737051792828	53.36863282474066
	5569.721115537849	53.62673310019766
	5573.705179282869	53.091692308701994
	5577.689243027889	53.265616905148875
	5581.673306772908	53.71112217394988
	5585.657370517928	54.39860825056583
	5589.641434262949	53.81311243181316
	5593.625498007968	53.28584252586943
	5597.609561752988	53.350938522047
	5601.593625498008	53.18275212384329
	5605.577689243028	53.21933774876494
	5609.561752988047	54.03017803334234
	5613.545816733068	53.94600431083773
	5617.529880478088	54.722125878705
	5621.5139442231075	54.961010512560264
	5625.498007968127	53.87017242825994
	5629.482071713147	52.646824282610226
	5633.466135458168	53.72972172096448
	5637.450199203187	54.104069281580706
	5641.434262948207	54.058613627752514
	5645.418326693227	54.05281171346438
	5649.402390438247	53.87317369598806
	5653.386454183267	53.858024932801634
	5657.370517928287	54.44466307414444
	5661.354581673307	54.350135785639594
	5665.338645418326	54.01086661681788
	5669.322709163346	53.68038566038259
	5673.306772908367	53.588334168413624
	5677.290836653387	53.63991998391978
	5681.274900398406	54.14695945289196
	5685.258964143426	53.71234696084016
	5689.243027888446	54.02785737346068
	5693.227091633466	53.41219573618968
	5697.211155378486	53.11338349377409
	5701.195219123506	52.80472807751905
	5705.179282868526	53.5493779524333
	5709.163346613545	53.4754030373388
	5713.147410358566	55.27049260679438
	5717.131474103586	54.20795165964263
	5721.1155378486055	53.73495194046417
	5725.099601593625	54.541079469012146
	5729.083665338645	53.93695538114721
	5733.067729083666	54.271474735920755
	5737.051792828685	53.740471956298464
	5741.035856573705	54.401117479387075
	5745.019920318725	53.24565107829376
	5749.003984063745	53.31826192261345
	5752.988047808765	54.4909313326506
	5756.972111553785	54.24349626066157
	5760.956175298805	53.75994443680467
	5764.9402390438245	54.22803462395162
	5768.924302788844	52.72758149574762
	5772.908366533865	53.62567869848934
	5776.892430278885	53.82803158991052
	5780.876494023904	54.54073624856484
	5784.860557768924	53.655197520793536
	5788.844621513944	52.9770294088081
	5792.8286852589645	53.757922464135426
	5796.812749003984	53.64764351756607
	5800.796812749004	53.76905027917125
	5804.780876494024	53.068076504948976
	5808.764940239043	53.12842868081553
	5812.749003984064	54.03843271948253
	5816.733067729084	54.3045546566743
	5820.717131474104	53.88718773013417
	5824.701195219123	53.649934187566544
	5828.685258964143	53.48315163301929
	5832.669322709164	54.00786290616614
	5836.653386454183	54.05353969692436
	5840.637450199203	53.0177975262605
	5844.621513944223	53.118490382685636
	5848.605577689243	54.111551599167186
	5852.589641434263	53.017512176266315
	5856.573705179283	53.8236312966457
	5860.557768924303	53.973021379507095
	5864.5418326693225	53.28699959210219
	5868.525896414342	52.53166720857409
	5872.509960159363	52.49862310969802
	5876.494023904383	53.53659121145165
	5880.478087649402	52.30276363821403
	5884.462151394422	51.91251971375742
	5888.446215139442	52.739915051450524
	5892.4302788844625	52.778634666818604
	5896.414342629482	52.490048668438085
	5900.398406374502	52.49859780164526
	5904.382470119522	52.37473276319355
	5908.366533864541	51.88688849374708
	5912.350597609562	52.314921852437735
	5916.334661354582	52.19033561064116
	5920.318725099602	52.90295271474315
	5924.302788844621	52.445990127119735
	5928.286852589641	52.578687354158816
	5932.270916334662	51.44003621269307
	5936.254980079681	51.23250501463728
	5940.239043824701	51.91543982759681
	5944.223107569721	51.633349473812125
	5948.207171314741	52.143916005974866
	5952.191235059761	51.46818928482943
	5956.175298804781	52.04225570255264
	5960.159362549801	51.06326148850697
	5964.1434262948205	51.614168005306524
	5968.12749003984	50.70948792571898
	5972.111553784861	51.05510002378368
	5976.095617529881	51.74735397748844
	5980.0796812749	51.39817653877951
	5984.06374501992	50.63673108142425
	5988.04780876494	50.040800046442904
	5992.0318725099605	50.32265464528088
	5996.01593625498	50.92914563389972
	6000.0	50.83818488421717
	6003.98406374502	50.97756507491566
	6007.9681274900395	50.250642018460795
	6011.95219123506	50.04752514379924
	6015.93625498008	50.070252956802904
	6019.9203187251	50.561881390690225
	6023.904382470119	50.86379364421218
	6027.888446215139	50.402090971501686
	6031.87250996016	50.219596254922635
	6035.8565737051795	49.9511318029264
	6039.840637450199	49.905620874391886
	6043.824701195219	49.937871450893084
	6047.808764940239	49.67762226755412
	6051.792828685259	50.46205270745783
	6055.776892430279	48.92977482881872
	6059.760956175299	49.221114234045686
	6063.745019920319	49.752602613981026
	6067.729083665338	48.70823221632784
	6071.713147410359	48.28587954319338
	6075.697211155379	49.51335418920105
	6079.681274900398	49.34913096512495
	6083.665338645418	50.09868156127871
	6087.649402390438	49.05395039071503
	6091.633466135459	48.259377816189286
	6095.617529880478	49.574982046502825
	6099.601593625498	48.82422671681784
	6103.585657370518	49.75981145760264
	6107.5697211155375	48.190786344181575
	6111.553784860558	48.2549941870587
	6115.537848605578	48.503823459173276
	6119.521912350598	48.22876946396172
	6123.505976095617	49.16792689608467
	6127.490039840637	48.90784896284374
	6131.474103585658	49.462999101187094
	6135.4581673306775	49.26667904906456
	6139.442231075697	49.61204475065998
	6143.426294820717	48.46025094232129
	6147.410358565737	49.16608009949327
	6151.394422310757	49.28133326817119
	6155.378486055777	48.06897333833865
	6159.362549800797	48.79603606476731
	6163.346613545817	49.11132859529907
	6167.330677290836	49.035500267124974
	6171.314741035857	49.56315147848628
	6175.298804780877	50.555910368128934
	6179.282868525896	48.536971036212194
	6183.266932270916	49.32836176731344
	6187.250996015936	49.03070358408232
	6191.235059760957	49.747625899870414
	6195.219123505976	50.98302533008347
	6199.203187250996	50.63967129688364
	6203.187250996016	49.671046990550224
	6207.1713147410355	50.27006609823162
	6211.155378486056	50.96347351141989
	6215.139442231076	50.46370211608317
	6219.123505976096	50.37128359815671
	6223.107569721115	51.337028236298025
	6227.091633466135	50.347854232110535
	6231.075697211156	50.732670770135684
	6235.0597609561755	51.697619623131324
	6239.043824701195	51.22281551987829
	6243.027888446215	51.953338754834355
	6247.011952191235	52.35033786051787
	6250.996015936255	51.220923290715575
	6254.980079681275	50.90978103055728
	6258.964143426295	51.38830137619627
	6262.948207171315	52.3271717747767
	6266.932270916334	51.75537485742943
	6270.916334661355	52.13486360821939
	6274.900398406375	51.43198841490188
	6278.8844621513945	53.59434257593315
	6282.868525896414	52.06897877111302
	6286.852589641434	52.80653343452844
	6290.836653386455	52.735381156728785
	6294.820717131474	51.87325536398489
	6298.804780876494	53.33598109019868
	6302.788844621514	52.031904119393104
	6306.772908366534	51.86920707530774
	6310.756972111554	51.54261976232783
	6314.741035856574	52.636991159232764
	6318.725099601594	52.19042167093386
	6322.709163346613	52.46728891535892
	6326.693227091633	52.38183662060238
	6330.677290836654	52.499730219281275
	6334.661354581674	52.296283830215685
	6338.645418326693	52.331011931877605
	6342.629482071713	52.3529080148877
	6346.613545816733	52.18199076279322
	6350.597609561753	53.37390017512013
	6354.581673306773	53.937197294548
	6358.565737051793	53.00274529034781
	6362.549800796813	52.1865613603827
	6366.533864541832	52.29703118188187
	6370.517928286853	53.87048515855305
	6374.501992031873	53.7253517735372
	6378.4860557768925	53.189757836457986
	6382.470119521912	52.766958759841174
	6386.454183266932	54.02216971274995
	6390.438247011953	53.43862411572783
	6394.422310756972	52.127289136444624
	6398.406374501992	53.662436526749445
	6402.390438247012	53.82836933575216
	6406.374501992032	53.622016798689444
	6410.358565737052	52.54441231624722
	6414.342629482072	53.3235928842872
	6418.326693227092	52.77679349296551
	6422.310756972111	53.65164099539289
	6426.294820717131	52.78764830220324
	6430.278884462152	52.823399689143415
	6434.262948207172	53.36947067385612
	6438.247011952191	53.4194852851674
	6442.231075697211	53.11295495227249
	6446.215139442231	53.69367204912257
	6450.199203187251	52.85396971918839
	6454.183266932271	53.472775482471576
	6458.167330677291	53.63234558108963
	6462.151394422311	53.40462126244681
	6466.13545816733	53.87009550261652
	6470.119521912351	53.46599398685817
	6474.103585657371	53.10279591079058
	6478.0876494023905	54.091050164004876
	6482.07171314741	53.62875096871544
	6486.05577689243	53.49306240555293
	6490.039840637451	54.7682426488803
	6494.02390438247	53.090915863364856
	6498.00796812749	52.876287075664635
	6501.99203187251	52.891769102611065
	6505.97609561753	53.12350669951271
	6509.96015936255	52.73020779577368
	6513.94422310757	53.42341371566819
	6517.92828685259	52.60395088363212
	6521.9123505976095	52.18958133323355
	6525.896414342629	52.16029423239915
	6529.88047808765	53.29629883800614
	6533.86454183267	51.836691914395175
	6537.848605577689	52.86442248351819
	6541.832669322709	52.33427781169989
	6545.816733067729	52.17215308682039
	6549.8007968127495	51.92429400928126
	6553.784860557769	52.499713077002006
	6557.768924302789	53.773370020421126
	6561.752988047809	52.664284382452394
	6565.737051792828	52.58354999349307
	6569.721115537849	52.049127654007066
	6573.705179282869	51.916039663124934
	6577.689243027889	51.20086441902531
	6581.673306772908	51.86507811652666
	6585.657370517928	52.15989711549287
	6589.641434262949	51.28376116755518
	6593.625498007968	50.36897355794001
	6597.609561752988	51.30940196716655
	6601.593625498008	51.02715419655496
	6605.577689243028	50.41771578008203
	6609.561752988048	50.50633943132475
	6613.545816733068	50.55584473089233
	6617.529880478088	50.398017167122084
	6621.5139442231075	50.01569025394474
	6625.498007968127	50.522428951215346
	6629.482071713148	49.421485560259065
	6633.466135458168	50.16588744995868
	6637.450199203187	49.41848452630964
	6641.434262948207	48.971016738632
	6645.418326693227	49.231426951272574
	6649.402390438247	48.79914516499866
	6653.386454183267	48.229065890459026
	6657.370517928287	48.323115583157104
	6661.354581673307	47.85434724024363
	6665.338645418326	49.16737728411697
	6669.322709163346	49.383416870211825
	6673.306772908367	49.36287836203558
	6677.290836653387	47.62660329863006
	6681.274900398406	48.55955592257948
	6685.258964143426	48.436063858737924
	6689.243027888446	48.46292231608128
	6693.227091633466	48.572885983485314
	6697.211155378486	48.04241547218367
	6701.195219123506	47.725594554463555
	6705.179282868526	48.34331705899724
	6709.163346613545	48.954458011397364
	6713.147410358566	48.2024526598649
	6717.131474103586	47.421891236390806
	6721.1155378486055	48.01768967928336
	6725.099601593625	47.64357868017095
	6729.083665338645	47.825101503322564
	6733.067729083666	49.21375987209558
	6737.051792828685	49.3931666562323
	6741.035856573705	49.05554732099324
	6745.019920318725	49.00338399833792
	6749.003984063745	49.33619050067185
	6752.988047808765	49.066909161228516
	6756.972111553785	49.07370990719297
	6760.956175298805	48.40176404929344
	6764.9402390438245	49.32753160851615
	6768.924302788844	48.540579713754965
	6772.908366533865	47.198676885520086
	6776.892430278885	48.49290766618459
	6780.876494023904	48.67749289859609
	6784.860557768924	48.86270405139258
	6788.844621513944	48.210467390061986
	6792.8286852589645	48.45794680342252
	6796.812749003984	49.28591126925731
	6800.796812749004	49.276465784073
	6804.780876494024	48.95197901613304
	6808.764940239043	48.92837751538341
	6812.749003984064	49.26676213449386
	6816.733067729084	49.163841263325125
	6820.717131474104	49.58150961097685
	6824.701195219123	49.0220432624384
	6828.685258964143	48.97446083369401
	6832.669322709164	49.074831559268446
	6836.653386454183	49.42863588216667
	6840.637450199203	49.98835908235264
	6844.621513944223	49.8002438891333
	6848.605577689243	49.73170142651779
	6852.589641434263	50.41883934256599
	6856.573705179283	49.99394902972662
	6860.557768924303	49.34958005807728
	6864.5418326693225	50.233072822274835
	6868.525896414342	50.14180857559934
	6872.509960159363	50.25646174193792
	6876.494023904383	50.76230922241639
	6880.478087649402	51.315687041945736
	6884.462151394422	51.01418045814458
	6888.446215139442	50.66619096932459
	6892.4302788844625	50.749789943093205
	6896.414342629482	50.96625492346745
	6900.398406374502	51.08103875366289
	6904.382470119522	51.10966925287177
	6908.366533864541	50.4695581263495
	6912.350597609562	51.09614830393889
	6916.334661354582	50.515627384321164
	6920.318725099602	51.28581067421394
	6924.302788844621	50.70269518872409
	6928.286852589641	50.50725712118199
	6932.270916334662	50.536250972422636
	6936.254980079681	51.69892888813421
	6940.239043824701	51.45618266683332
	6944.223107569721	50.243756888461576
	6948.207171314741	50.631198661740925
	6952.191235059761	51.679493002233
	6956.175298804781	51.072948075569556
	6960.159362549801	50.71314939788661
	6964.1434262948205	50.22739962414151
	6968.12749003984	50.38749473063254
	6972.111553784861	51.03259698217103
	6976.095617529881	51.53044465515607
	6980.0796812749	50.49382733395041
	6984.06374501992	51.33460235803818
	6988.04780876494	50.939388847744105
	6992.0318725099605	50.95269049278257
	6996.01593625498	49.635252373229264
	7000.0	48.46471679622174
	7003.98406374502	49.461343194846606
	7007.9681274900395	50.72143039430565
	7011.95219123506	50.41548770647197
	7015.93625498008	49.87856151954276
	7019.9203187251	50.669855863092465
	7023.904382470119	51.08880865868862
	7027.888446215139	50.8847148541479
	7031.87250996016	49.565573800966774
	7035.8565737051795	49.46127095148361
	7039.840637450199	50.38314460802539
	7043.824701195219	49.56698063952174
	7047.808764940239	49.76223256968183
	7051.792828685259	51.63876355993065
	7055.776892430279	50.545560466649235
	7059.760956175299	50.47686136955228
	7063.745019920319	51.260104683149066
	7067.729083665338	49.51350161779486
	7071.713147410359	50.377198519726
	7075.697211155379	49.25520146748066
	7079.681274900398	49.91557754606167
	7083.665338645418	49.15103088765562
	7087.649402390438	49.77158789410876
	7091.633466135459	49.397357680462065
	7095.617529880478	50.00471281741344
	7099.601593625498	49.521514413576604
	7103.585657370518	49.352647387180156
	7107.5697211155375	50.929693577611644
	7111.553784860558	48.63175230725821
	7115.537848605578	48.44594181704002
	7119.521912350598	48.35819757702367
	7123.505976095617	48.78302109106487
	7127.490039840637	48.28543620753999
	7131.474103585658	48.88502957336705
	7135.4581673306775	48.691847055549225
	7139.442231075697	48.473411756549055
	7143.426294820717	48.19288805482026
	7147.410358565737	48.15555518267579
	7151.394422310757	47.43533419462928
	7155.378486055777	48.72804934765183
	7159.362549800797	48.056419538674014
	7163.346613545817	48.43099673012291
	7167.330677290836	47.71507612592074
	7171.314741035857	48.48839809703038
	7175.298804780877	47.90001342160679
	7179.282868525896	47.40463058374342
	7183.266932270916	47.484853762509545
	7187.250996015936	48.27636680436008
	7191.235059760957	48.41849504170532
	7195.219123505976	48.023679518682926
	7199.203187250996	48.56544061026399
	7203.187250996016	47.90263972164511
	7207.1713147410355	47.608080104092856
	7211.155378486056	47.40766972238842
	7215.139442231076	48.069520660225756
	7219.123505976096	48.684698243816946
	7223.107569721115	47.639452516965136
	7227.091633466135	48.33159333832321
	7231.075697211156	47.83210487226839
	7235.0597609561755	47.95545145815724
	7239.043824701195	48.96523776730799
	7243.027888446215	47.30703383844209
	7247.011952191235	47.67975712264946
	7250.996015936255	47.86439827326674
	7254.980079681275	47.527900744321755
	7258.964143426295	48.14871875941727
	7262.948207171315	46.93519956419852
	7266.932270916334	46.955491188455156
	7270.916334661355	48.05308341724845
	7274.900398406375	48.012263928984936
	7278.8844621513945	47.40684048066137
	7282.868525896414	48.70103416583538
	7286.852589641434	47.219959276204264
	7290.836653386455	47.938360887374515
	7294.820717131474	47.742105326429865
	7298.804780876494	47.60750295813903
	7302.788844621514	47.083015894274055
	7306.772908366534	46.41837086768787
	7310.756972111554	47.86400952716655
	7314.741035856574	47.00880813391326
	7318.725099601594	47.36583366078605
	7322.709163346613	46.793728370749115
	7326.693227091633	47.6306003909326
	7330.677290836654	47.991912963277024
	7334.661354581674	46.96522954656439
	7338.645418326693	47.41904695777916
	7342.629482071713	47.05734621106377
	7346.613545816733	47.32007978982427
	7350.597609561753	47.63245253634038
	7354.581673306773	47.528638456667295
	7358.565737051793	47.83043997231082
	7362.549800796813	46.624895275132765
	7366.533864541832	47.55466934405773
	7370.517928286853	47.4087406742622
	7374.501992031873	47.5936676012976
	7378.4860557768925	46.89820880620468
	7382.470119521912	46.66121281412518
	7386.454183266932	46.572479351827376
	7390.438247011953	47.740390730252415
	7394.422310756972	47.456404021307776
	7398.406374501992	47.506798781617555
	7402.390438247012	47.53597453471251
	7406.374501992032	47.917981108588606
	7410.358565737052	47.80098148472188
	7414.342629482072	47.9004145518583
	7418.326693227092	47.39494583849059
	7422.310756972111	47.78949654611061
	7426.294820717131	47.23760561177158
	7430.278884462152	46.34350406218195
	7434.262948207172	46.50184433352469
	7438.247011952191	47.1367257058473
	7442.231075697211	46.6645935392146
	7446.215139442231	46.72008066563115
	7450.199203187251	47.423081012007856
	7454.183266932271	47.785242772594174
	7458.167330677291	48.091134709500636
	7462.151394422311	47.9080862619407
	7466.13545816733	47.80687552519425
	7470.119521912351	47.77797706060625
	7474.103585657371	48.127318399582606
	7478.0876494023905	47.64372793912827
	7482.07171314741	47.74312530338443
	7486.05577689243	47.92269586746624
	7490.039840637451	47.4677410796573
	7494.02390438247	48.614923332493085
	7498.00796812749	48.47094044443537
	7501.99203187251	48.35021227327489
	7505.97609561753	47.45939695796963
	7509.96015936255	46.8549296492968
	7513.94422310757	47.117224552908425
	7517.92828685259	47.14476485243185
	7521.9123505976095	47.61164152821924
	7525.896414342629	47.0249238189275
	7529.88047808765	46.98246213569888
	7533.86454183267	47.73861179431463
	7537.848605577689	47.52392100907752
	7541.832669322709	47.11468836276987
	7545.816733067729	47.59681316016186
	7549.8007968127495	47.879466429740035
	7553.784860557769	47.170110585781934
	7557.768924302789	48.314431023754814
	7561.752988047809	47.62779707984378
	7565.737051792828	46.799735422883145
	7569.721115537849	46.938671349851376
	7573.705179282869	47.18091149760048
	7577.689243027889	46.26140160709167
	7581.673306772908	47.3685179585856
	7585.657370517928	46.87700848872282
	7589.641434262949	46.118804127690325
	7593.625498007968	46.58197578872812
	7597.609561752988	46.6450469669026
	7601.593625498008	46.54488766201556
	7605.577689243028	47.47779155583948
	7609.561752988048	47.999689338586805
	7613.545816733068	47.51412804645207
	7617.529880478088	47.63200257853335
	7621.5139442231075	47.293050302788906
	7625.498007968127	47.44296710740685
	7629.482071713148	47.19393115739537
	7633.466135458168	46.78939889206072
	7637.450199203187	46.4632006817768
	7641.434262948207	47.14600757230244
	7645.418326693227	47.5791406045905
	7649.402390438247	46.634645164095886
	7653.386454183267	45.84984203632115
	7657.370517928287	46.826814120583926
	7661.354581673307	47.36066956743974
	7665.338645418326	46.69364328688495
	7669.322709163346	46.931858034566744
	7673.306772908367	47.13446078683876
	7677.290836653387	46.707717570321876
	7681.274900398406	47.186563639232816
	7685.258964143426	46.1017463303606
	7689.243027888446	46.12342789067292
	7693.227091633466	46.78357614365197
	7697.211155378486	46.03792334077597
	7701.195219123506	46.366041463141485
	7705.179282868526	45.88604282654153
	7709.163346613545	45.82246511070658
	7713.147410358566	46.25543325936377
	7717.131474103586	45.749559141950094
	7721.1155378486055	45.3196335061083
	7725.099601593625	46.364366558742546
	7729.083665338645	46.50318013771344
	7733.067729083666	46.05498052187066
	7737.051792828685	45.97473144398993
	7741.035856573705	45.96833295155015
	7745.019920318725	46.41936278669431
	7749.003984063745	45.167807034218455
	7752.988047808765	44.946003995378106
	7756.972111553785	45.14643367366637
	7760.956175298805	45.340960157189386
	7764.9402390438245	45.11596660906781
	7768.924302788844	44.47047282187196
	7772.908366533865	44.777975790669224
	7776.892430278885	45.0028635994659
	7780.876494023904	45.4036194756494
	7784.860557768924	44.75625834760697
	7788.844621513944	44.61217584274244
	7792.8286852589645	45.202218624169035
	7796.812749003984	45.45345530348974
	7800.796812749004	45.85361499389174
	7804.780876494024	45.514872706137126
	7808.764940239043	45.07037267734696
	7812.749003984064	44.28671622306332
	7816.733067729084	44.807436757004865
	7820.717131474104	44.04802062117842
	7824.701195219123	44.24886140548409
	7828.685258964143	44.68982117107139
	7832.669322709164	44.82987975538598
	7836.653386454183	45.07811776988418
	7840.637450199203	44.3749211532139
	7844.621513944223	45.10082131855335
	7848.605577689243	45.278729714746206
	7852.589641434263	44.26261393196553
	7856.573705179283	43.795432091821596
	7860.557768924303	44.6859193360029
	7864.5418326693225	45.38380165173378
	7868.525896414342	45.03463500283253
	7872.509960159363	45.14877769865956
	7876.494023904383	44.99949408754614
	7880.478087649402	44.36234327937201
	7884.462151394422	44.34350829685354
	7888.446215139442	43.77520922352336
	7892.4302788844625	43.72131620853696
	7896.414342629482	43.42129341724671
	7900.398406374502	44.449377657688785
	7904.382470119522	44.15676212757893
	7908.366533864541	42.558724685103265
	7912.350597609562	42.508904901492926
	7916.334661354582	43.99931707045792
	7920.318725099602	43.4400579320903
	7924.302788844621	43.73731339953522
	7928.286852589641	42.92659377723795
	7932.270916334662	42.85965319538199
	7936.254980079681	42.47894861909958
	7940.239043824701	43.01738467243035
	7944.223107569721	42.26594428207274
	7948.207171314741	42.51135869829673
	7952.191235059761	42.232830677455404
	7956.175298804781	42.065816478919835
	7960.159362549801	42.99134074502129
	7964.1434262948205	42.87912991430837
	7968.12749003984	40.44758789950632
	7972.111553784861	39.678633957853066
	7976.095617529881	37.96346966700598
	7980.0796812749	36.039921495732315
	7984.06374501992	35.586603368003864
	7988.04780876494	38.35611206907424
	7992.0318725099605	36.949303165431225
	7996.01593625498	28.101023164351343
	8000.0	21.909030407301092
